VARIABLE WIND RESOURCE

WIND SPEED MULTIPLIER:  0.6
COE:  444.16641180428104
turbine_x:  array([-1941.17647059,  -173.78175581,  1593.61295896, -1937.09931061,
        -169.70459584,  1597.69011893, -1933.02215064,  -165.62743586,
        1601.76727891, -1928.94499066,  -161.55027589,  1605.84443888,
       -1924.86783069,  -157.47311591,  1609.92159886, -1920.79067071,
        -153.39595594,  1613.99875883, -1916.71351074,  -149.31879597])
turbine_y:  array([ 1988.23529412,  1977.34803043,  1966.46076673,  1326.36549884,
        1315.47823515,  1304.59097146,   664.49570356,   653.60843987,
         642.72117618,     2.62590828,    -8.26135541,   -19.1486191 ,
        -659.24388699,  -670.13115069,  -681.01841438, -1321.11368227,
       -1332.00094596, -1342.88820966, -1982.98347755, -1993.87074124])
wind_capacity:  48600.0
solar_capacity:  45207.756232686945
battery_capacity:  343058.8235294118

WIND SPEED MULTIPLIER:  0.8
COE:  165.34640690239596
turbine_x:  array([-1767.96671364, -1162.24677583,  -556.52683802,    49.1930998 ,
         654.91303761,  1260.63297543,  1866.35291324, -1982.19052605,
       -1376.47058824,  -770.75065042,  -165.03071261,   440.68922521,
        1046.40916302,  1652.12910083, -1590.69440064,  -984.97446283,
        -379.25452501,   226.4654128 ,   832.18535061,  1437.90528843,
       -1804.91821305, -1199.19827523,  -593.47833742,    12.24160039,
         617.96153821,  1223.68147602,  1829.40141384])
turbine_y:  array([ 1810.34518715,  1815.94218557,  1821.539184  ,  1827.13618242,
        1832.73318085,  1838.33017927,  1843.92717769,   547.34417805,
         552.94117647,   558.53817489,   564.13517332,   569.73217174,
         575.32917017,   580.92616859,  -710.05983263,  -704.46283421,
        -698.86583579,  -693.26883736,  -687.67183894,  -682.07484051,
       -1973.06084174, -1967.46384331, -1961.86684489, -1956.26984647,
       -1950.67284804, -1945.07584962, -1939.47885119])
wind_capacity:  65610.0
solar_capacity:  35102.49307479236
battery_capacity:  157235.29411764708

WIND SPEED MULTIPLIER:  1.0
COE:  107.52431749102045
turbine_x:  array([-1227.34935678, -1982.53405249, -1205.85760104,  -429.18114958,
         347.49530187, -1961.04229674, -1184.36584529,  -407.68939384,
         368.98705761,  1145.66350906, -1939.550541  , -1162.87408955,
        -386.1976381 ,   390.47881336,  1167.15526481,  1943.83171626,
       -1918.05878526, -1141.3823338 ,  -364.70588235,   411.9705691 ,
        1188.64702055,  1965.323472  ,  -343.21412661,   433.46232484,
        1210.13877629,  1986.81522775,   454.95408059,  1231.63053204,
        1253.12228778])
turbine_y:  array([ 1661.12030898,   364.59002714,   907.23724964,  1449.88447214,
        1992.53169464,  -389.2930322 ,   153.3541903 ,   696.0014128 ,
        1238.6486353 ,  1781.2958578 , -1143.17609154,  -600.52886904,
         -57.88164654,   484.76557596,  1027.41279846,  1570.06002096,
       -1897.05915088, -1354.41192838,  -811.76470588,  -269.11748338,
         273.52973912,   816.17696161, -1565.64776522, -1023.00054272,
        -480.35332023,    62.29390227, -1776.88360207, -1234.23637957,
       -1988.11943891])
wind_capacity:  70470.0
solar_capacity:  29783.933518005735
battery_capacity:  133411.76470588235

WIND SPEED MULTIPLIER:  1.2
COE:  79.63469910182205
turbine_x:  array([ 1573.74160911,  1844.08249901,   377.61237575,   647.95326566,
         918.29415556,  1188.63504546,  1458.97593537,  1729.31682527,
        1999.65771518,  -818.51685761,  -548.1759677 ,  -277.8350778 ,
          -7.49418789,   262.84670201,   533.18759191,   803.52848182,
       -1744.30520106, -1473.96431116, -1203.62342125,  -933.28253135,
        -662.94164144,  -392.60075154, -1859.0708748 , -1588.7299849 ,
       -1318.38909499])
turbine_y:  array([ 1812.08077631,  1229.2111692 ,  1897.81254228,  1314.94293517,
         732.07332806,   149.20372095,  -433.66588616, -1016.53549327,
       -1599.40510038,  1983.54430826,  1400.67470115,   817.80509404,
         234.93548693,  -347.93412018,  -930.80372729, -1513.67333441,
        1486.40646712,   903.53686001,   320.6672529 ,  -262.20235421,
        -845.07196132, -1427.94156843,  -759.34019535, -1342.20980246,
       -1925.07940957])
wind_capacity:  60750.0
solar_capacity:  33684.21052631604
battery_capacity:  114352.9411764706


WIND SPEED MULTIPLIER:  1.4
COE:  66.25449481055941
turbine_x:  array([-1585.12049264, -1641.06072058, -1697.00094853, -1752.94117647,
       -1808.88140441, -1864.82163236, -1920.7618603 ,  -364.1103787 ,
        -420.05060665,  -475.99083459,  -531.93106253,  -587.87129048,
        -643.81151842,  -699.75174636,   800.95950729,   745.01927935,
         689.0790514 ,   633.13882346,   577.19859552,   521.25836757,
        1966.02939328,  1910.08916534,  1854.1489374 ,  1798.20870945,
        1742.26848151])
turbine_y:  array([-1815.05180793, -1190.42669549,  -565.80158304,    58.82352941,
         683.44864186,  1308.07375431,  1932.69886676, -1971.73860761,
       -1347.11349517,  -722.48838272,   -97.86327027,   526.76184218,
        1151.38695463,  1776.01206708, -1503.80029485,  -879.1751824 ,
        -254.55006995,   370.0750425 ,   994.70015495,  1619.3252674 ,
       -1035.86198208,  -411.23686963,   213.38824282,   838.01335527,
        1462.63846772])
wind_capacity:  60750.0
solar_capacity:  33329.63988919679
battery_capacity:  102441.17647058824





VARIABLE SOLAR COST

SOLAR COST MULTIPLIER:  0.6
COE:  103.88276135343452
turbine_x:  array([-1445.45354277,  -357.19638485,   731.06077308, -1957.50765926,
        -869.25050133,   219.0066566 ,  1307.26381452, -1381.30461782,
        -293.04745989,   795.20969804,  1883.46685597, -1893.3587343 ,
        -805.10157637,   283.15558155,  1371.41273948, -1317.15569286,
        -228.89853493,   859.358623  ,  1947.61578092,  -740.95265142,
         347.30450651,  1435.56166444,  -164.74960997,   923.50754795,
        1499.7105894 ])
turbine_y:  array([  553.26196263,  1116.22739815,  1679.19283367,  -241.12948627,
         321.83594925,   884.80138477,  1447.76682029,  -472.55549965,
          90.40993587,   653.37537139,  1216.34080691, -1266.94694855,
        -703.98151303,  -141.01607751,   421.94935801, -1498.37296193,
        -935.40752641,  -372.44209089,   190.52334463, -1729.79897531,
       -1166.83353979,  -603.86810427, -1961.22498869, -1398.25955317,
       -1629.68556655])
wind_capacity:  60750.0
solar_capacity:  35102.49307479254
battery_capacity:  133411.76470588235

SOLAR COST MULTIPLIER:  0.8
COE:  112.93507961921716
turbine_x:  array([ 1778.1138289 ,  1789.05691445,  1800.        ,  1810.94308555,
        1821.8861711 ,  1832.82925665,  1843.7723422 ,   522.4174722 ,
         533.36055776,   544.30364331,   555.24672886,   566.18981441,
         577.13289996,   588.07598551,  -722.33579894,  -711.39271339,
        -700.44962784,  -689.50654229,  -678.56345674,  -667.62037118,
        -656.67728563, -1978.03215563, -1967.08907008, -1956.14598453,
       -1945.20289898, -1934.25981343, -1923.31672788, -1912.37364233])
turbine_y:  array([ 1619.47868359,  1027.38640062,   435.29411765,  -156.79816533,
        -748.8904483 , -1340.98273127, -1933.07501425,  1930.91941396,
        1338.82713099,   746.73484802,   154.64256504,  -437.44971793,
       -1029.5420009 , -1621.63428388,  1650.26786136,  1058.17557839,
         466.08329541,  -126.00898756,  -718.10127053, -1310.19355351,
       -1902.28583648,  1961.70859173,  1369.61630876,   777.52402578,
         185.43174281,  -406.66054016,  -998.75282314, -1590.84510611])
wind_capacity:  68040.0
solar_capacity:  34038.7811634349
battery_capacity:  152470.58823529413

SOLAR COST MULTIPLIER:  1.0
COE:  107.52431749102045
turbine_x:  array([-1227.34935678, -1982.53405249, -1205.85760104,  -429.18114958,
         347.49530187, -1961.04229674, -1184.36584529,  -407.68939384,
         368.98705761,  1145.66350906, -1939.550541  , -1162.87408955,
        -386.1976381 ,   390.47881336,  1167.15526481,  1943.83171626,
       -1918.05878526, -1141.3823338 ,  -364.70588235,   411.9705691 ,
        1188.64702055,  1965.323472  ,  -343.21412661,   433.46232484,
        1210.13877629,  1986.81522775,   454.95408059,  1231.63053204,
        1253.12228778])
turbine_y:  array([ 1661.12030898,   364.59002714,   907.23724964,  1449.88447214,
        1992.53169464,  -389.2930322 ,   153.3541903 ,   696.0014128 ,
        1238.6486353 ,  1781.2958578 , -1143.17609154,  -600.52886904,
         -57.88164654,   484.76557596,  1027.41279846,  1570.06002096,
       -1897.05915088, -1354.41192838,  -811.76470588,  -269.11748338,
         273.52973912,   816.17696161, -1565.64776522, -1023.00054272,
        -480.35332023,    62.29390227, -1776.88360207, -1234.23637957,
       -1988.11943891])
wind_capacity:  70470.0
solar_capacity:  29783.933518005735
battery_capacity:  133411.76470588235

SOLAR COST MULTIPLIER:  1.2
COE:  108.90201212133458
turbine_x:  array([ 1193.54682292, -1023.82027073,   246.67585326,  1517.17197725,
       -1970.69124038,  -700.1951164 ,   570.30100759,  1840.79713158,
       -1647.06608605,  -376.56996206,   893.92616192, -1323.44093172,
         -52.94480773,  1217.55131626,  -999.81577739,   270.6803466 ,
        1541.17647059, -1946.68674704,  -676.19062306,   594.30550093,
        1864.80162492, -1623.06159271,  -352.56546872,   917.93065526,
       -1299.43643838,   -28.94031439,  1241.5558096 ,  -975.81128405])
turbine_y:  array([ 1946.00518119,  1858.73450526,  1637.40064496,  1416.06678465,
        1550.12996903,  1328.79610873,  1107.46224842,   886.12838812,
        1020.1915725 ,   798.85771219,   577.52385189,   490.25317596,
         268.91931566,    47.58545536,   -39.68522057,  -261.01908087,
        -482.35294118,  -348.2897568 ,  -569.6236171 ,  -790.95747741,
       -1012.29133771,  -878.22815334, -1099.56201364, -1320.89587394,
       -1408.16654987, -1629.50041017, -1850.83427047, -1938.1049464 ])
wind_capacity:  68040.0
solar_capacity:  32620.4986149587
battery_capacity:  133411.76470588235

SOLAR COST MULTIPLIER:  1.4
COE:  110.7577039305367
turbine_x:  array([ 1962.04359827,  1709.59769297,  1074.98477474,  1457.15178766,
         822.53886944,   187.92595121,  1839.31880058,  1204.70588235,
         570.09296413,   -64.51995409,  -699.13287232,  1586.87289527,
         952.25997705,   317.64705882,  -316.9658594 ,  -951.57877762,
       -1586.19169585,   699.81407174,    65.20115352,  -569.41176471,
       -1204.02468293, -1838.63760115,  -187.24475179,  -821.85767001,
       -1456.47058824, -1074.30357532, -1708.91649354, -1961.36239885])
turbine_y:  array([-1975.05882353, -1210.82352941, -1975.05882353,  -446.58823529,
       -1210.82352941, -1975.05882353,  1081.88235294,   317.64705882,
        -446.58823529, -1210.82352941, -1975.05882353,  1846.11764706,
        1081.88235294,   317.64705882,  -446.58823529, -1210.82352941,
       -1975.05882353,  1846.11764706,  1081.88235294,   317.64705882,
        -446.58823529, -1210.82352941,  1846.11764706,  1081.88235294,
         317.64705882,  1846.11764706,  1081.88235294,  1846.11764706])
wind_capacity:  68040.0
solar_capacity:  30847.645429363078
battery_capacity:  133411.76470588235




VARIABLE OUTAGE DURATION

OUTAGE DURATION:  8
COE:  104.89383912268845
turbine_x:  array([  816.35808121,  1254.2245218 ,  1692.0909624 ,    35.07248296,
         472.93892356,   910.80536415,  1348.67180475,  1786.53824534,
       -1184.07955588,  -746.21311528,  -308.34667469,   129.51976591,
         567.3862065 ,  1005.2526471 , -1965.36515413, -1527.49871353,
       -1089.63227293,  -651.76583234,  -213.89939174,   223.96704885,
       -1870.91787118, -1433.05143059,  -995.18498999,  -557.31854939,
       -1776.47058824])
turbine_y:  array([ 1430.06835285,   697.93520353,   -34.1979458 ,  1322.15810129,
         590.02495196,  -142.10819736,  -874.24134668, -1606.37449601,
        1946.38099905,  1214.24784973,   482.1147004 ,  -250.01844892,
        -982.15159825, -1714.28474757,  1838.47074749,  1106.33759816,
         374.20444884,  -357.92870049, -1090.06184981, -1822.19499914,
         266.29419727,  -465.83895205, -1197.97210138, -1930.1052507 ,
       -1305.88235294])
wind_capacity:  60750.0
solar_capacity:  32975.06925207765
battery_capacity:  126264.70588235295

OUTAGE DURATION:  10
COE:  104.45161517712279
turbine_x:  array([ -892.45554169, -1952.15884566,    -4.84936469, -1064.55266865,
        1942.46011628,   882.75681232,  -176.94649164, -1236.6497956 ,
        1770.36298933,   710.65968537,  -349.0436186 , -1408.74692256,
        1598.26586237,   538.56255841,  -521.14074555, -1580.84404952,
        1426.16873542,   366.46543145,  -693.23787251, -1752.94117647,
        1254.07160846,   194.3683045 ,  -865.33499946,  1081.97448151,
        1969.58065851])
turbine_y:  array([-1994.96222601, -1569.34331503, -1718.05928002, -1292.44036904,
       -1866.77524501, -1441.15633403, -1015.53742306,  -589.91851208,
       -1164.25338805,  -738.63447707,  -313.01556609,   112.60334489,
        -461.73153108,   -36.1126201 ,   389.50629088,   815.12520186,
         240.79032589,   666.40923687,  1092.02814784,  1517.64705882,
         943.31218285,  1368.93109383,  1794.55000481,  1645.83403982,
        1922.73698581])
wind_capacity:  60750.0
solar_capacity:  33861.49584487539
battery_capacity:  126264.70588235295

OUTAGE DURATION:  14
COE:  105.18794717211425
turbine_x:  array([-1186.00881873, -1613.70072254,  -284.87193891,  -712.56384272,
       -1140.25574652, -1567.94765033, -1995.63955414,  1043.95684473,
         616.26494092,   188.57303711,  -239.1188667 ,  -666.81077051,
       -1094.50267431, -1522.19457812, -1949.88648193,  1945.09372455,
        1517.40182074,  1089.70991693,   662.01801313,   234.32610932,
        -193.36579449,  -621.0576983 ,  1990.84679676,  1563.15489295,
        1135.46298914,   707.77108534,  1608.90796516])
turbine_y:  array([-1986.5100514 , -1430.90483476, -1673.33135081, -1117.72613417,
        -562.12091754,    -6.5157009 ,   549.08951574, -1915.75786687,
       -1360.15265023,  -804.54743359,  -248.94221695,   306.66299969,
         862.26821632,  1417.87343296,  1973.4786496 , -1602.57916629,
       -1046.97394965,  -491.36873301,    64.23648363,   619.84170027,
        1175.44691691,  1731.05213355,  -178.19003243,   377.41518421,
         933.02040085,  1488.62561749,  1801.80431807])
wind_capacity:  65610.0
solar_capacity:  31024.930747922765
battery_capacity:  128647.05882352941

OUTAGE DURATION:  16
COE:  106.8236298615843
turbine_x:  array([ 1287.969652  ,    27.60256125, -1232.76452951,  1007.15502211,
        -253.21206865, -1513.5791594 ,  1986.70748296,   726.34039221,
        -534.02669854, -1794.3937893 ,  1705.89285307,   445.52576231,
        -814.84132844,  1425.07822317,   164.71113242, -1095.65595834,
        1144.26359327,  -116.10349748, -1376.47058824,   863.44896338,
        -396.91812738, -1657.28521813,  1843.00142423,   582.63433348,
        -677.73275727, -1938.09984803])
turbine_y:  array([-1751.80849909, -1747.92656525, -1744.04463142, -1221.04671545,
       -1217.16478161, -1213.28284778,  -694.16686565,  -690.28493181,
        -686.40299798,  -682.52106414,  -163.40508201,  -159.52314817,
        -155.64121434,   367.35670163,   371.23863547,   375.1205693 ,
         898.11848527,   902.0004191 ,   905.88235294,  1428.88026891,
        1432.76220274,  1436.64413658,  1955.76011871,  1959.64205254,
        1963.52398638,  1967.40592022])
wind_capacity:  63180.0
solar_capacity:  36166.20498614979
battery_capacity:  133411.76470588235






VARIABLE MINIMUM POWER


MINIMUM POWER:  3600.0
COE:  82.25719933146071
turbine_x:  array([-1192.41639599,   329.59114191,  1851.59867981,  -818.21573589,
         703.79180201, -1966.0226137 ,  -444.0150758 ,  1077.9924621 ,
       -1591.8219536 ,   -69.8144157 ,  1452.1931222 , -1217.62129351,
         304.38624439,  1826.39378229,  -843.42063341,   678.58690449,
       -1991.22751122,  -469.21997332,  1052.78756458, -1617.02685112,
         -95.01931322,  1426.98822468, -1242.82619103,   279.18134687,
        1801.18888477])
turbine_y:  array([ 1991.0435119 ,  1991.0435119 ,  1991.0435119 ,  1495.52175595,
        1495.52175595,  1000.        ,  1000.        ,  1000.        ,
         504.47824405,   504.47824405,   504.47824405,     8.9564881 ,
           8.9564881 ,     8.9564881 ,  -486.56526785,  -486.56526785,
        -982.0870238 ,  -982.0870238 ,  -982.0870238 , -1477.60877976,
       -1477.60877976, -1477.60877976, -1973.13053571, -1973.13053571,
       -1973.13053571])
wind_capacity:  60750.0
solar_capacity:  37229.91689750713
battery_capacity:  76235.29411764706

MINIMUM POWER:  4800.0
COE:  89.20731214548823
turbine_x:  array([ -584.20548598, -1359.18627446,   396.48262067,  -378.49816781,
       -1153.47895629, -1928.45974477,   602.18993884,  -172.79084964,
        -947.77163812, -1722.7524266 ,  1582.87804549,   807.89725701,
          32.91646853,  -742.06431995,  1788.58536366,  1013.60457518,
         238.6237867 ,  -536.35700178,  1994.29268183,  1219.31189335,
         444.33110487,  1425.01921152,  1630.72652969])
turbine_y:  array([-1610.87476546,  -623.13181361, -1991.08701755, -1003.3440657 ,
         -15.60111385,   972.141838  , -1383.55631779,  -395.81336594,
         591.92958591,  1579.67253776, -1763.76856988,  -776.02561803,
         211.71733382,  1199.46028568, -1156.23787011,  -168.49491826,
         819.24803359,  1806.99098544,  -548.70717035,   439.0357815 ,
        1426.77873335,  1046.56648126,  1654.09718103])
wind_capacity:  55890.0
solar_capacity:  37761.77285318566
battery_capacity:  85764.70588235295

MINIMUM POWER:  7200.0
COE:  123.3513691149786
turbine_x:  array([-1733.5632621 , -1981.44371819,  -929.41176471, -1177.29222079,
       -1425.17267687, -1673.05313295, -1920.93358904,   122.62018877,
        -125.26026731,  -373.14072339,  -621.02117947,  -868.90163556,
       -1116.78209164, -1364.66254772,   926.77168617,   678.89123009,
         431.01077401,   183.13031793,   -64.75013816,  -312.63059424,
        1978.80363965,  1730.92318357,  1483.04272749,  1235.16227141,
         987.28181532,   739.40135924,   491.52090316,  1791.43331272,
        1543.55285664])
turbine_y:  array([-1958.27327918, -1300.43905028, -1635.29411765,  -977.45988875,
        -319.62565984,   338.20856906,   996.04279796, -1970.14918502,
       -1312.31495612,  -654.48072722,     3.35350169,   661.18773059,
        1319.02195949,  1976.85618839, -1647.17002349,  -989.33579459,
        -331.50156569,   326.33266322,   984.16689212,  1642.00112102,
       -1982.02509086, -1324.19086196,  -666.35663306,    -8.52240416,
         649.31182475,  1307.14605365,  1964.98028255,   972.29098628,
        1630.12521518])
wind_capacity:  70470.0
solar_capacity:  28188.36565096976
battery_capacity:  171529.4117647059

MINIMUM POWER:  8400.0
COE:  146.21326001214996
turbine_x:  array([ 1279.45765045,   295.29532884,  1944.37409902,   960.21177741,
         -23.9505442 , -1008.11286581, -1992.27518743,  1625.12822598,
         640.96590437,  -343.19641724, -1327.35873885,  1305.88235294,
         321.72003133,  -662.44229028, -1646.6046119 ,  1970.79880151,
         986.6364799 ,     2.47415829,  -981.68816332, -1965.85048494,
        1651.55292847,   667.39060686,  -316.77171475, -1300.93403636,
         348.14473382,  -636.01758779, -1620.17990941,  -955.26346083,
       -1939.42578245])
turbine_y:  array([-1618.8919892 , -1912.0634932 ,  -817.14699013, -1110.31849413,
       -1403.48999814, -1696.66150214, -1989.83300615,  -308.57349506,
        -601.74499907,  -894.91650307, -1188.08800708,   200.        ,
         -93.171504  ,  -386.34300801,  -679.51451201,  1001.74499907,
         708.57349506,   415.40199106,   122.23048705,  -170.94101695,
        1510.31849413,  1217.14699013,   923.97548612,   630.80398212,
        1725.72048519,  1432.54898119,  1139.37747718,  1941.12247625,
        1647.95097225])
wind_capacity:  70470.0
solar_capacity:  30847.64542936314
battery_capacity:  228705.8823529412