VARIABLE MINIMUM POWER

MINIMUM POWER:  6000.0
COE:  70.80613430433677
turbine_x:  array([-1476.19047619, -1645.89965972, -1815.60884325, -1985.31802678,
        -281.59664052,  -451.30582405,  -621.01500758,  -790.72419111,
         743.28801163,   573.5788281 ,   403.86964457,  1937.8818473 ,
        1768.17266377,  1598.46348024,  1428.75429671])
turbine_y:  array([-1571.42857143,  -445.48170767,   680.4651561 ,  1806.41201986,
       -1921.05547906,  -795.1086153 ,   330.83824847,  1456.78511223,
       -1144.73552293,   -18.78865916,  1107.1582046 , -1494.36243056,
        -368.41556679,   757.53129697,  1883.47816073])
wind_capacity:  105000.0
solar_capacity:  297895.0027700839
battery_capacity:  125122.18963831867

MINIMUM POWER:  8000.0
COE:  82.82067918947357
turbine_x:  array([-1813.81121154, -1800.97993974, -1203.30746228, -1190.47619048,
        -592.80371302,     4.86876444,  -579.97244121,    17.70003625,
         615.37251371,  1213.04499117,   628.20378551,  1225.87626297,
        1823.54874043,  1836.38001224])
turbine_y:  array([ 1870.41982854,  -253.2655154 ,  1028.44724871, -1095.23809524,
         186.47466887,  1468.18743299, -1937.21067507,  -655.49791096,
         626.21485315,  1907.92761726, -1497.4704908 ,  -215.75772669,
        1065.95503743, -1057.73030652])
wind_capacity:  98000.0
solar_capacity:  367987.9445983399
battery_capacity:  172043.01075268816

MINIMUM POWER:  10000.0
COE:  100.84035854508873
turbine_x:  array([-1453.44340311,  -411.60773749,   630.22792812,  1672.06359374,
       -1043.96056707,    -2.12490145,  1039.71076416, -1676.31339665,
        -634.47773103,   407.35793458,  1449.1936002 , -1266.83056061,
        -224.99489499,   816.84077062,  1858.67643624])
turbine_y:  array([ 1820.21900943,  1859.20174965,  1898.18448988,  1937.1672301 ,
         601.45527865,   640.43801887,   679.42075909,  -656.29119236,
        -617.30845214,  -578.32571192,  -539.3429717 , -1875.05492315,
       -1836.07218292, -1797.0894427 , -1758.10670248])
wind_capacity:  105000.0
solar_capacity:  365797.5401662054
battery_capacity:  250244.37927663734


MINIMUM POWER:  12000.0
COE:  150.66573773132862
turbine_x:  array([ 1856.84837624,   861.87633561,  -133.09570501, -1128.06774563,
        1899.58670493,   904.61466431,   -90.35737631, -1085.32941693,
        1942.32503362,   947.352993  ,   -47.61904762])
turbine_y:  array([-1903.28899487, -1689.20690467, -1475.12481448, -1261.04272428,
        -189.53611144,    24.54597876,   238.62806895,   452.71015915,
        1524.21677199,  1738.29886219,  1952.38095238])
wind_capacity:  77000.0
solar_capacity:  481888.9750692545
battery_capacity:  375366.568914956


MINIMUM POWER:  14000.0
COE:  206.7238822410715
turbine_x:  array([ 1951.17725614,  1726.43757991,  1278.70885354,   830.98012717,
        1053.96917731,   606.24045094,   158.51172457,  -289.2170018 ,
         -66.22795166,  -513.95667803,  -961.6854044 , -1409.41413077,
       -1857.14285714, -1186.42508063, -1634.153807  ])
turbine_y:  array([-1702.02087747,   383.86841795,  -545.84986222, -1475.56814238,
        1540.0394332 ,   610.32115304,  -319.39712713, -1249.1154073 ,
        1766.49216829,   836.77388812,   -92.94439205, -1022.66267221,
       -1952.38095238,  1992.94490337,  1063.22662321])
wind_capacity:  105000.0
solar_capacity:  300085.40720221744
battery_capacity:  688172.0430107526




OUTAGE DURATION

OUTAGE DURATION:  8
COE:  100.67392861732056
turbine_x:  array([ 1905.87477526,  1809.52380952,  1098.57670674,  1002.225741  ,
         905.87477526,   809.52380952,    98.57670674,     2.225741  ,
         -94.12522474,  -190.47619048,  -901.42329326,  -997.774259  ,
       -1094.12522474, -1190.47619048, -1901.42329326, -1997.774259  ])
turbine_y:  array([ -666.66666667, -1952.38095238,  1904.76190476,   619.04761905,
        -666.66666667, -1952.38095238,  1904.76190476,   619.04761905,
        -666.66666667, -1952.38095238,  1904.76190476,   619.04761905,
        -666.66666667, -1952.38095238,  1904.76190476,   619.04761905])
wind_capacity:  112000.0
solar_capacity:  223421.25207756367
battery_capacity:  250244.37927663734

OUTAGE DURATION:  10
COE:  101.1556001736285
turbine_x:  array([ 1913.98542614,  1845.98766558,  1777.98990502,   997.0689027 ,
         929.07114213,   861.07338157,    12.15461869,   -55.84314188,
        -123.84090244,  -904.76190476,  -972.75966532, -1040.75742589,
       -1821.67842821, -1889.67618877, -1957.67394933])
turbine_y:  array([ 1135.34764803,  -227.11653711, -1589.58072225,  1671.37062072,
         308.90643558, -1053.55774956,   844.92940827,  -517.53477688,
       -1879.99896202,  1380.95238095,    18.48819581, -1343.97598933,
        1916.97535364,   554.5111685 ,  -807.95301664])
wind_capacity:  105000.0
solar_capacity:  201517.2077562349
battery_capacity:  250244.37927663734

OUTAGE DURATION:  14
COE:  101.05228569451941
turbine_x:  array([-1890.2437802 , -1029.07161889, -1913.64237371, -1052.4702124 ,
        -191.29805109,   669.87411022, -1937.04096721, -1075.8688059 ,
        -214.69664459,   646.47551672,  1507.64767803,  -238.0952381 ,
         623.07692322,  1484.24908453,  1460.85049102])
turbine_y:  array([ 1139.62880443,  1899.61774602,  -397.7004089 ,   362.28853269,
        1122.27747429,  1882.26641588, -1935.02962224, -1175.04068064,
        -415.05173905,   344.93720255,  1104.92614414, -1952.38095238,
       -1192.39201079,  -432.40306919, -1969.73228252])
wind_capacity:  105000.0
solar_capacity:  357035.9224376759
battery_capacity:  250244.37927663734

OUTAGE DURATION:  16
COE:  100.68412608027059
turbine_x:  array([ 1952.38095238,  1923.8798746 ,  1895.37879683,  1866.87771905,
         666.66666667,   638.16558889,   609.66451111,   581.16343334,
        -619.04761905,  -647.54869682,  -676.0497746 ,  -704.55085238,
       -1904.76190476, -1933.26298254, -1961.76406032, -1990.26513809])
turbine_y:  array([ 1761.9047619 ,   619.04761905,  -523.80952381, -1666.66666667,
        1761.9047619 ,   619.04761905,  -523.80952381, -1666.66666667,
        1761.9047619 ,   619.04761905,  -523.80952381, -1666.66666667,
        1761.9047619 ,   619.04761905,  -523.80952381, -1666.66666667])
wind_capacity:  112000.0
solar_capacity:  118281.83933518121
battery_capacity:  250244.37927663734

OUTAGE DURATION:  18
COE:  102.02541702222888
turbine_x:  array([-1456.5340372 ,    67.72015634,  1591.97434987,  -605.79510314,
         918.45909039, -1279.31036262,   244.94383091,  1769.19802445,
       -1952.82562211,  -428.57142857,  1095.68276496, -1102.08668805,
         422.16750548,  1946.42169902])
turbine_y:  array([ 1987.25130669,  1987.25130669,  1987.25130669,  1023.24690287,
        1023.24690287,    59.24249905,    59.24249905,    59.24249905,
        -904.76190476,  -904.76190476,  -904.76190476, -1868.76630858,
       -1868.76630858, -1868.76630858])
wind_capacity:  98000.0
solar_capacity:  374559.15789473767
battery_capacity:  250244.37927663734

OUTAGE DURATION:  20
COE:  100.56559978276906
turbine_x:  array([-1953.98043925,  -667.4664101 ,   619.04761905,  1905.56164819,
       -1925.48822012,  -638.97419097,   647.53983818,  1934.05386732,
       -1896.99600099,  -610.48197184,   676.03205731,  1962.54608645,
       -1868.50378186,  -581.98975271,   704.52427644,  1991.03830558])
turbine_y:  array([ 1508.26914618,  1492.22981119,  1476.19047619,  1460.15114119,
         365.7672239 ,   349.7278889 ,   333.6885539 ,   317.64921891,
        -776.73469839,  -792.77403339,  -808.81336838,  -824.85270338,
       -1919.23662068, -1935.27595567, -1951.31529067, -1967.35462567])
wind_capacity:  112000.0
solar_capacity:  359226.3268698072
battery_capacity:  250244.37927663734

OUTAGE DURATION:  22
COE:  101.79104998316562
turbine_x:  array([-1872.17753173,  -603.34163096, -1038.25799997, -1473.17436897,
       -1908.09073798,   665.49426981,   230.5779008 ,  -204.3384682 ,
        -639.25483721,  1934.33017057,  1499.41380157,  1064.49743256,
         629.58106356,  1898.41696433])
turbine_y:  array([-1994.7766471 , -1943.014046  ,  -834.86521037,   273.28362527,
        1381.43246091, -1891.2514449 ,  -783.10260927,   325.04622637,
        1433.19506201, -1839.4888438 ,  -731.34000817,   376.80882747,
        1484.95766311,  1536.72026421])
wind_capacity:  98000.0
solar_capacity:  127043.45706371329
battery_capacity:  250244.37927663734

OUTAGE DURATION:  24
COE:  102.1128075066529
turbine_x:  array([ 1729.44325771,  1801.89995477,  1874.35665183,  1946.81334889,
         549.10215154,   621.5588486 ,   694.01554566,  -703.69565169,
        -631.23895463,  -558.78225756, -1956.49345492, -1884.03675785,
       -1811.58006079, -1739.12336373])
turbine_y:  array([ 1926.51250519,   765.60875797,  -395.29498925, -1556.19873647,
        1121.7695651 ,   -39.13418212, -1200.03792934,  1477.93037223,
         317.02662501,  -843.87712221,  1834.09117936,   673.18743214,
        -487.71631508, -1648.6200623 ])
wind_capacity:  98000.0
solar_capacity:  129233.86149584601
battery_capacity:  250244.37927663734

OUTAGE DURATION:  26
COE:  106.07116267096524
turbine_x:  array([-1958.63614107,  -797.2276643 ,   364.18081247, -1488.59373749,
        -327.18526072,   834.22321605,  1995.63169282, -1018.55133391,
         142.85714286,  1304.26561963, -1709.9174071 ,  -548.50893033,
         612.89954643,  1774.3080232 ])
turbine_y:  array([ 1450.08286949,  1654.87051957,  1859.65816965,   408.36189542,
         613.1495455 ,   817.93719558,  1022.72484565,  -633.35907865,
        -428.57142857,  -223.78377849, -1879.8677028 , -1675.08005272,
       -1470.29240264, -1265.50475256])
wind_capacity:  98000.0
solar_capacity:  181803.56786703764
battery_capacity:  265884.65298142715

OUTAGE DURATION:  28
COE:  107.86877384691233
turbine_x:  array([ 1952.38095238,  1952.38095238,  1952.38095238,  1952.38095238,
         666.66666667,   666.66666667,   666.66666667,   666.66666667,
        -619.04761905,  -619.04761905,  -619.04761905,  -619.04761905,
       -1904.76190476, -1904.76190476, -1904.76190476, -1904.76190476])
turbine_y:  array([ 1476.19047619,   333.33333333,  -809.52380952, -1952.38095238,
        1476.19047619,   333.33333333,  -809.52380952, -1952.38095238,
        1476.19047619,   333.33333333,  -809.52380952, -1952.38095238,
        1476.19047619,   333.33333333,  -809.52380952, -1952.38095238])
wind_capacity:  112000.0
solar_capacity:  359226.32686980703
battery_capacity:  281524.926686217

OUTAGE DURATION:  30
COE:  116.30595518970883
turbine_x:  array([ 1667.11706571,   723.67916702,  1735.07560084,   791.63770215,
        -151.80019654, -1095.23809524,  1803.03413597,   859.59623728,
         -83.84166141, -1027.27956011, -1970.7174588 ,   927.55477241,
         -15.88312629,  -959.32102498, -1902.75892367,  -891.36248985,
       -1834.80038854])
turbine_y:  array([-1.46898138e+03, -1.98275028e+03, -2.20598072e+02, -7.34366969e+02,
       -1.24813587e+03, -1.76190476e+03,  1.02778524e+03,  5.14016339e+02,
        2.47442165e-01, -5.13521454e+02, -1.02729035e+03,  1.76239965e+03,
        1.24863075e+03,  7.34861853e+02,  2.21092957e+02,  1.98324516e+03,
        1.46947626e+03])
wind_capacity:  119000.0
solar_capacity:  249706.10526316008
battery_capacity:  312805.4740957967




VARIABLE WIND RESOURCE

WIND SPEED MULTIPLIER:  0.6
COE:  506.2089162260579
turbine_x:  array([ 1002.53036098,  -428.54804966,   906.44881208, -1859.62646029,
        -524.62959855,   810.36726318, -1955.70800919,  -620.71114745,
         714.28571429,  -716.79269635])
turbine_y:  array([ 1893.97655103,  1913.97657181,   611.85738323,  1933.97659259,
         631.85740401,  -670.26178458,   651.85742479,  -650.2617638 ,
       -1952.38095238, -1932.3809316 ])
wind_capacity:  70000.0
solar_capacity:  269419.74515235564
battery_capacity:  625610.9481915934

WIND SPEED MULTIPLIER:  0.8
COE:  222.75408730089515
turbine_x:  array([ 1481.68709928,  1683.84146053,  1885.99582179,   428.57142857,
         630.72578983,   832.88015108,  1035.03451233,  -624.54424214,
        -422.38988088,  -220.23551963,   -18.08115838, -1879.8142741 ,
       -1677.65991285, -1475.50555159, -1273.35119034])
turbine_y:  array([ 1920.11595765,   920.11595765,   -79.88404235,  1476.19047619,
         476.19047619,  -523.80952381, -1523.80952381,  1032.26499473,
          32.26499473,  -967.73500527, -1967.73500527,  1588.33951328,
         588.33951328,  -411.66048672, -1411.66048672])
wind_capacity:  105000.0
solar_capacity:  330751.06925208005
battery_capacity:  500488.7585532747

WIND SPEED MULTIPLIER:  1.2
COE:  76.9841097976321
turbine_x:  array([ -729.31637784,   562.06318079,  1853.44273942, -1992.20371734,
        -700.82415871,   590.55539992,  1881.93495855, -1963.71149822,
        -672.33193958,   619.04761905,  1910.42717768, -1935.21927909,
        -643.83972045,   647.53983818,  1938.91939681])
turbine_y:  array([ 1972.3352294 ,  1761.19432076,  1550.05341213,  1040.97421575,
         829.83330712,   618.69239848,   407.55148984,  -101.52770653,
        -312.66861517,  -523.80952381,  -734.95043245, -1244.02962882,
       -1455.17053746, -1666.3114461 , -1877.45235473])
wind_capacity:  105000.0
solar_capacity:  26284.853185595806
battery_capacity:  218963.83186705766

WIND SPEED MULTIPLIER:  1.4
COE:  74.62475979958161
turbine_x:  array([-1923.0055329 , -1726.02407902, -1529.04262514, -1090.3082806 ,
        -893.32682672,  -696.34537284,  -499.36391896,   -60.62957443,
         136.35187945,   333.33333333,   969.04913175,  1166.03058563,
        1363.01203951,  1801.74638404,  1998.72783792])
turbine_y:  array([-1101.27369834,   103.5038344 ,  1308.28136714, -1810.18410066,
        -605.40656792,   599.37096482,  1804.14849756, -1314.31697024,
        -109.5394375 ,  1095.23809524,  -818.44983982,   386.32769292,
        1591.10522566, -1527.36024214,  -322.5827094 ])
wind_capacity:  105000.0
solar_capacity:  249706.10526316008
battery_capacity:  250244.37927663734
