COE OPTIMIZATION

COE:  34.610467082754155
turbine_x:  array([-1710.09717782, -1255.19413511,   380.73518385,  2016.66450281,
       -2436.22041135,  -800.29109239,   835.63822656,  2471.56754552,
       -1981.31736864,  -345.38804968,  1290.54126928, -1526.41432592,
         109.51499303,  1745.44431199,  2200.3473547 ])
turbine_y:  array([ 2461.29397419,  1386.54306383,  1819.49303051,  2252.44299718,
        -121.15781319,   311.79215348,   744.74212015,  1177.69208683,
       -1195.90872355,  -762.95875687,  -330.0087902 , -2270.6596339 ,
       -1837.70966723, -1404.75970056, -2479.51061091])
wind_capacity:  105000.0
solar_capacity:  0.0
battery_capacity:  0.0


PROFIT OPTIMIZATION
PROFIT:  -36914733.14525596
turbine_x:  array([-2476.58359024, -2203.96033261, -1648.91393102, -2486.38347656,
       -1931.33707497, -1376.29067338,  -821.24427179, -2213.76021893,
       -1658.71381734, -1103.66741575,  -548.62101416,     6.42538743,
       -1941.1369613 , -1386.0905597 ,  -831.04415811,  -275.99775652,
         279.04864507,   834.09504666, -1113.46730207,  -558.42090048,
          -3.37449889,   551.6719027 ,  1106.71830429,  1661.76470588,
        -840.84404444,  -285.79764285,   269.24875874,   824.29516033,
        1379.34156193,  1934.38796352,  2489.43436511,   -13.17438521,
         541.87201638,  1096.91841797,  1651.96481956,  2207.01122115,
         814.49527401,  1369.5416756 ,  1924.58807719,  2479.63447878,
        1642.16493324,  2197.21133483,  2469.83459246])
turbine_y:  array([ 2244.03614371,  1453.57014111,  2274.64067967,  -157.96640006,
         663.1041385 ,  1484.17467707,  2305.24521564,  -948.43240266,
        -127.3618641 ,   693.70867447,  1514.77921303,  2335.8497516 ,
       -1738.89840526,  -917.8278667 ,   -96.75732813,   724.31321043,
        1545.383749  ,  2366.45428756, -1708.2938693 ,  -887.22333073,
         -66.15279217,   754.9177464 ,  1575.98828496,  2397.05882353,
       -2498.7598719 , -1677.68933333,  -856.61879477,   -35.5482562 ,
         785.52228236,  1606.59282093,  2427.66335949, -2468.15533593,
       -1647.08479737,  -826.0142588 ,    -4.94372024,   816.12681833,
       -2437.55079997, -1616.4802614 ,  -795.40972284,    25.66081573,
       -2406.946264  , -1585.87572544, -2376.34172804])
wind_capacity:  301000.0
solar_capacity:  53625.21701388945
battery_capacity:  0.0

0
WIND SPEED MULTIPLIER:  0.6
COE:  221.54906281204373
turbine_x:  array([ 2494.14975925,  2481.39395715,  2468.63815504,  2455.88235294,
         885.35834203,   872.60253993,   859.84673782,   847.09093572,
         834.33513362,   821.57933151,   808.82352941,  -761.7004815 ,
        -774.4562836 ,  -787.21208571,  -799.96788781,  -812.72368991,
        -825.47949201,  -838.23529412, -2408.75930503, -2421.51510713,
       -2434.27090923, -2447.02671134, -2459.78251344, -2472.53831554,
       -2485.29411765])
turbine_y:  array([-5.88235294e-01, -8.28823529e+02, -1.65705882e+03, -2.48529412e+03,
        2.48411765e+03,  1.65588235e+03,  8.27647059e+02, -5.88235294e-01,
       -8.28823529e+02, -1.65705882e+03, -2.48529412e+03,  2.48411765e+03,
        1.65588235e+03,  8.27647059e+02, -5.88235294e-01, -8.28823529e+02,
       -1.65705882e+03, -2.48529412e+03,  2.48411765e+03,  1.65588235e+03,
        8.27647059e+02, -5.88235294e-01, -8.28823529e+02, -1.65705882e+03,
       -2.48529412e+03])
wind_capacity:  175000.0
solar_capacity:  596312.4131944458
battery_capacity:  347996.0899315738
0
WIND SPEED MULTIPLIER:  0.8
COE:  105.35440450512519
turbine_x:  array([  172.72668788,  1351.55873508, -1062.18351579,   116.64853142,
        1295.48057862,  2474.31262583, -2297.09371945, -1118.26167225,
          60.57037496,  1239.40242217,  2418.23446937, -2353.17187591,
       -1174.3398287 ,     4.4922185 ,  1183.32426571,  2362.15631292,
       -2409.25003237, -1230.41798516,   -51.58593795,  1127.24610925,
        2306.07815646, -2465.32818882, -1286.49614162,  -107.66409441,
        1071.16795279, -1342.57429808])
turbine_y:  array([ 2399.52618116,  1699.42322835,  2273.29449063,  1573.19153782,
         873.08858501,   172.9856322 ,  2147.0628001 ,  1446.95984729,
         746.85689448,    46.75394167,  -653.34901114,  1320.72815675,
         620.62520394,   -79.47774887,  -779.58070168, -1479.68365449,
         494.39351341,  -205.7094394 ,  -905.81239221, -1605.91534502,
       -2306.01829783,  -331.94112994, -1032.04408275, -1732.14703556,
       -2432.24998837, -1858.37872609])
wind_capacity:  182000.0
solar_capacity:  450451.822916671
battery_capacity:  250244.37927663734
0
WIND SPEED MULTIPLIER:  1.0
COE:  67.08834505785714
turbine_x:  array([ 1694.24177663,  1741.17035614,  1788.09893566,  1835.02751518,
        1063.46897944,  1110.39755895,  1157.32613847,  1204.25471799,
        1251.1832975 ,   432.69618224,   479.62476176,   526.55334128,
         573.4819208 ,   620.41050031,  -151.14803543,  -104.21945591,
         -57.29087639,   -10.36229688,    36.56628264,  -781.92083262,
        -734.9922531 ,  -688.06367358,  -641.13509407,  -594.20651455,
       -1365.76505029, -1318.83647077, -1271.90789126, -1224.97931174,
       -1996.53784748, -1949.60926796, -1902.68068845, -1855.75210893,
       -1808.82352941, -2486.52490612, -2439.5963266 ])
turbine_y:  array([ 1451.18146274,   363.52839197,  -724.1246788 , -1811.77774957,
        1951.38272109,   863.72965032,  -223.92342045, -1311.57649122,
       -2399.22956199,  2451.58397944,  1363.93090867,   276.2778379 ,
        -811.37523287, -1899.02830363,  1864.13216702,   776.47909626,
        -311.17397451, -1398.82704528, -2486.48011605,  2364.33342538,
        1276.68035461,   189.02728384,  -898.62578693, -1986.2788577 ,
        1776.88161296,   689.22854219,  -398.42452858, -1486.07759935,
        2277.08287131,  1189.42980054,   101.77672977,  -985.876341  ,
       -2073.52941176,  -485.67508264, -1573.32815341])
wind_capacity:  245000.0
solar_capacity:  229515.9288194463
battery_capacity:  250244.37927663734
0
WIND SPEED MULTIPLIER:  1.2
COE:  51.726109405131005
turbine_x:  array([-2032.29927033, -1219.19829615,  -406.09732196,   407.00365222,
        1220.1046264 , -1845.15844006, -1032.05746588,  -218.9564917 ,
         594.14448248,  1407.24545667,  2220.34643085, -1658.0176098 ,
        -844.91663562,   -31.81566143,   781.28531275,  1594.38628693,
        2407.48726111, -1470.87677953,  -657.77580535,   155.32516883,
         968.42614301,  1781.5271172 , -1283.73594927,  -470.63497509,
         342.4659991 ,  1155.56697328,  1968.66794746, -1096.595119  ,
        -283.49414482,   529.60682936,  1342.70780354,  2155.80877773,
        -909.45428874,   -96.35331455,   716.74765963,  1529.84863381,
        2342.94960799])
turbine_y:  array([ 2359.01882802,  2394.10140605,  2429.18398408,  2464.26656211,
        2499.34914014,  1552.2028564 ,  1587.28543443,  1622.36801245,
        1657.45059048,  1692.53316851,  1727.61574654,   745.38688477,
         780.4694628 ,   815.55204083,   850.63461886,   885.71719689,
         920.79977491,   -61.42908685,   -26.34650882,     8.7360692 ,
          43.81864723,    78.90122526,  -868.24505848,  -833.16248045,
        -798.07990242,  -762.99732439,  -727.91474637, -1675.0610301 ,
       -1639.97845207, -1604.89587405, -1569.81329602, -1534.73071799,
       -2481.87700173, -2446.7944237 , -2411.71184567, -2376.62926764,
       -2341.54668962])
wind_capacity:  259000.0
solar_capacity:  199485.8072916678
battery_capacity:  250244.37927663734
0
WIND SPEED MULTIPLIER:  1.4
COE:  41.55930097148916
turbine_x:  array([  403.629754  ,   791.02345988,  1178.41716576,  1565.81087164,
        1953.20457753,  2340.59828341,  -693.26184226,  -305.86813638,
          81.52556951,   468.91927539,   856.31298127,  1243.70668715,
        1631.10039304,  2018.49409892, -1402.75973263, -1015.36602675,
        -627.97232087,  -240.57861498,   146.8150909 ,   534.20879678,
         921.60250266, -2499.65132888, -2112.257623  , -1724.86391712,
       -1337.47021124,  -950.07650535,  -562.68279947,  -175.28909359,
       -2434.36180749, -2046.96810161, -1659.57439573, -1272.18068984,
        -884.78698396, -2369.0722861 , -1981.67858022])
turbine_y:  array([ 2150.81833804,  1450.24630322,   749.67426839,    49.10223357,
        -651.46980125, -1352.04183608,  2424.08902021,  1723.51698539,
        1022.94495056,   322.37291574,  -378.19911908, -1078.77115391,
       -1779.34318873, -2479.91522355,  1996.78766756,  1296.21563273,
         595.64359791,  -104.92843691,  -805.50047174, -1506.07250656,
       -2206.64454138,  2270.05834973,  1569.4863149 ,   868.91428008,
         168.34224526,  -532.22978957, -1232.80182439, -1933.37385921,
         441.61292743,  -258.9591074 ,  -959.53114222, -1660.10317705,
       -2360.67521187, -1386.83249488, -2087.4045297 ])
wind_capacity:  245000.0
solar_capacity:  233805.946180557
battery_capacity:  190615.8357771261





0
MINIMUM POWER:  6000.0
COE:  52.407019247858955
turbine_x:  array([-2360.5301819 , -1888.82929096, -2475.75952435, -2004.05863341,
       -1532.35774246, -1060.65685152, -2119.28797586, -1647.58708491,
       -1175.88619397,  -704.18530303,  -232.48441208, -1762.81642737,
       -1291.11553642,  -819.41464548,  -347.71375454,   123.98713641,
         595.68802735,  -934.64398793,  -462.94309699,     8.75779396,
         480.4586849 ,   952.15957584,  1423.86046679,  -106.47154849,
         365.22934245,   836.93023339,  1308.63112434,  1780.33201528,
        2252.03290622,   721.70089094,  1193.40178189,  1665.10267283,
        2136.80356377,  1549.87333038,  2021.57422132,  2493.27511227,
        2378.04576982])
turbine_y:  array([  782.46686649,  1576.71594759,  -816.23487253,   -21.98579144,
         772.26328966,  1566.51237075, -1620.68753046,  -826.43844937,
         -32.18936827,   762.05971282,  1556.30879391, -2425.14018839,
       -1630.8911073 ,  -836.64202621,   -42.39294511,   751.85613598,
        1546.10521707, -2435.34376523, -1641.09468414,  -846.84560304,
         -52.59652195,   741.65255914,  1535.90164023, -2445.54734207,
       -1651.29826098,  -857.04917988,   -62.80009879,   731.4489823 ,
        1525.69806339, -2455.75091891, -1661.50183781,  -867.25275672,
         -73.00367563, -2465.95449575, -1671.70541465,  -877.45633356,
       -2476.15807258])
wind_capacity:  259000.0
solar_capacity:  195195.78993055646
battery_capacity:  130987.29227761486
0
MINIMUM POWER:  8000.0
COE:  59.118034412013614
turbine_x:  array([-2454.80279434, -1629.90348588,  -805.00417742,    19.89513104,
         844.79443949, -2247.84088279, -1422.94157433,  -598.04226587,
         226.85704258,  1051.75635104,  1876.6556595 , -2040.87897124,
       -1215.97966278,  -391.08035433,   433.81895413,  1258.71826259,
        2083.61757104, -1833.91705969, -1009.01775124,  -184.11844278,
         640.78086568,  1465.68017413,  2290.57948259, -2451.8544566 ,
       -1626.95514815,  -802.05583969,    22.84346877,   847.74277722,
        1672.64208568,  2497.54139414, -2244.89254506, -1419.9932366 ,
        -595.09392814,   229.80538031,  1054.70468877,  1879.60399723])
turbine_y:  array([ 2477.45137317,  2482.5328053 ,  2487.61423743,  2492.69566956,
        2497.77710169,  1675.49098164,  1680.57241377,  1685.6538459 ,
        1690.73527803,  1695.81671016,  1700.89814229,   873.5305901 ,
         878.61202223,   883.69345436,   888.77488649,   893.85631862,
         898.93775075,    71.57019857,    76.6516307 ,    81.73306283,
          86.81449496,    91.89592709,    96.97735922,  -735.4716251 ,
        -730.39019297,  -725.30876084,  -720.22732871,  -715.14589658,
        -710.06446445,  -704.98303232, -1537.43201663, -1532.3505845 ,
       -1527.26915237, -1522.18772024, -1517.10628811, -1512.02485598])
wind_capacity:  252000.0
solar_capacity:  218790.88541666776
battery_capacity:  187683.284457478
0
MINIMUM POWER:  12000.0
COE:  74.2180278174174
turbine_x:  array([-1292.1942591 ,   329.91662563,  1952.02751036, -2383.22964543,
        -761.1187607 ,   860.99212403,  2483.10300876, -1852.15414703,
        -230.04326229,  1392.06762244, -1321.07864862,   301.03223611,
        1923.14312084, -2412.11403495,  -790.00315022,   832.10773451,
        2454.21861924, -1881.03853655,  -258.92765182,  1363.18323292,
       -1349.96303814,   272.14784659,  1894.25873132, -2440.99842447,
        -818.88753974,   803.22334499,  2425.33422972])
turbine_y:  array([ 2284.57096134,  2339.54898671,  2394.52701207,  1594.03607982,
        1649.01410518,  1703.99213054,  1758.9701559 ,   958.47922365,
        1013.45724901,  1068.43527438,   322.92236749,   377.90039285,
         432.87841821,  -367.61251404,  -312.63448868,  -257.65646332,
        -202.67843795, -1003.1693702 ,  -948.19134484,  -893.21331948,
       -1638.72622637, -1583.74820101, -1528.77017564, -2329.2611079 ,
       -2274.28308253, -2219.30505717, -2164.32703181])
wind_capacity:  189000.0
solar_capacity:  381811.5451388938
battery_capacity:  263929.61876832845
0
MINIMUM POWER:  14000.0
COE:  88.49919015364037
turbine_x:  array([ 2.34662363e+03,  1.54802386e+03,  2.37212919e+03, -7.46812491e+01,
        7.49424081e+02,  1.57352941e+03,  2.39763474e+03, -8.73281025e+02,
       -4.91756947e+01,  7.74929636e+02,  1.59903497e+03,  2.42314030e+03,
       -1.67188080e+03, -8.47775471e+02, -2.36701403e+01,  8.00435190e+02,
        1.62454052e+03,  2.44864585e+03, -2.47048058e+03, -1.64637525e+03,
       -8.22269916e+02,  1.83541406e+00,  8.25940744e+02,  1.65004607e+03,
        2.47415141e+03, -2.44497502e+03, -1.62086969e+03, -7.96764362e+02,
        2.73409684e+01,  8.51446299e+02,  1.67555163e+03, -2.41946947e+03,
       -1.59536414e+03, -7.71258808e+02,  5.28465228e+01,  8.76951853e+02,
       -2.39396391e+03, -1.56985858e+03, -7.45753253e+02,  7.83520772e+01])
turbine_y:  array([ 1841.49332323,  1783.72483139,  1013.65084478,  2496.03032615,
        1725.95633955,   955.88235294,   185.80836634,  2438.26183431,
        1668.18784771,   898.1138611 ,   128.0398745 ,  -642.03411211,
        2380.49334247,  1610.41935587,   840.34536926,    70.27138266,
        -699.80260395, -1469.87659055,  2322.72485063,  1552.65086402,
         782.57687742,    12.50289082,  -757.57109579, -1527.64508239,
       -2297.719069  ,  1494.88237218,   724.80838558,   -45.26560102,
        -815.33958763, -1585.41357423, -2355.48756084,   667.03989374,
        -103.03409287,  -873.10807947, -1643.18206607, -2413.25605268,
        -160.80258471,  -930.87657131, -1700.95055791, -2471.02454452])
wind_capacity:  280000.0
solar_capacity:  163020.65972222298
battery_capacity:  500488.7585532747








OUTAGE DURATION:  6
COE:  64.69594191130385
turbine_x:  array([-2114.92463075, -1004.15593002, -1499.05083385, -1993.94573767,
       -2488.8406415 ,   106.6127707 ,  -388.28213312,  -883.17703695,
       -1378.07194077, -1872.9668446 , -2367.86174842,  1217.38147142,
         722.4865676 ,   227.59166377,  -267.30324005,  -762.19814387,
       -1257.0930477 , -1751.98795152, -2246.88285535,  2328.15017215,
        1833.25526832,  1338.3603645 ,   843.46546067,   348.57055685,
        -146.32434698,  -641.2192508 , -1136.11415462,  2449.12906522,
        1954.2341614 ,  1459.33925757,   964.44435375,   469.54944992,
         -25.3454539 ])
turbine_y:  array([-2480.7480698 , -2484.43400696, -1845.60716845, -1206.78032994,
        -567.95349142, -2488.11994413, -1849.29310562, -1210.4662671 ,
        -571.63942859,    67.18740992,   706.01424843, -2491.80588129,
       -1852.97904278, -1214.15220427,  -575.32536576,    63.50147276,
         702.32831127,  1341.15514978,  1979.98198829, -2495.49181846,
       -1856.66497995, -1217.83814144,  -579.01130292,    59.81553559,
         698.6423741 ,  1337.46921261,  1976.29605113, -1221.5240786 ,
        -582.69724009,    56.12959842,   694.95643694,  1333.78327545,
        1972.61011396])
wind_capacity:  231000.0
solar_capacity:  298156.206597224
battery_capacity:  222873.90029325514
0
OUTAGE DURATION:  18
COE:  66.0135356633631
turbine_x:  array([ 1587.46100681,   771.67836686,   -44.10427308,  -859.88691303,
       -1675.66955298, -2491.45219293,  1424.90195267,   609.11931272,
        -206.66332723, -1022.44596718, -1838.22860713,  1262.34289852,
         446.56025857,  -369.22238138, -1185.00502133, -2000.78766128,
        1099.78384437,   284.00120442,  -531.78143553, -1347.56407548,
       -2163.34671543,   937.22479022,   121.44215027,  -694.34048968,
       -1510.12312963, -2325.90576957,   774.66573607,   -41.11690387,
        -856.89954382, -1672.68218377, -2488.46482372])
turbine_y:  array([-1785.4853449 , -1780.46007203, -1775.43479916, -1770.40952628,
       -1765.38425341, -1760.35898054,  -944.58319695,  -939.55792408,
        -934.53265121,  -929.50737833,  -924.48210546,  -103.681049  ,
         -98.65577613,   -93.63050326,   -88.60523038,   -83.57995751,
         737.22109895,   742.24637182,   747.27164469,   752.29691757,
         757.32219044,  1578.1232469 ,  1583.14851977,  1588.17379264,
        1593.19906552,  1598.22433839,  2419.02539485,  2424.05066772,
        2429.07594059,  2434.10121347,  2439.12648634])
wind_capacity:  217000.0
solar_capacity:  291721.18055555614
battery_capacity:  218963.83186705766
0
OUTAGE DURATION:  24
COE:  67.17161098189003
turbine_x:  array([ 2495.69190494,  2453.40126348,  1862.7525029 ,  1272.10374232,
        2411.11062202,  1820.46186144,  1229.81310086,   639.16434027,
          48.51557969,  2368.81998056,  1778.17121998,  1187.52245939,
         596.87369881,     6.22493823,  -584.42382235,  2326.5293391 ,
        1735.88057851,  1145.23181793,   554.58305735,   -36.06570323,
        -626.71446381, -1217.36322439,  1102.94117647,   512.29241589,
         -78.35634469,  -669.00510527, -1259.65386585, -1850.30262644,
        -120.64698615,  -711.29574674, -1301.94450732, -1892.5932679 ,
       -2483.24202848, -1344.23514878, -1934.88390936])
turbine_y:  array([-2408.25934407, -1210.76146748, -1831.25883987, -2451.75621225,
         -13.26359089,  -633.76096327, -1254.25833566, -1874.75570805,
       -2495.25308044,  1184.23428571,   563.73691332,   -56.76045907,
        -677.25783146, -1297.75520384, -1918.25257623,  2381.7321623 ,
        1761.23478991,  1140.73741752,   520.24004514,  -100.25732725,
        -720.75469964, -1341.25207203,  2338.23529412,  1717.73792173,
        1097.24054934,   476.74317695,  -143.75419543,  -764.25156782,
        2294.73842594,  1674.24105355,  1053.74368116,   433.24630877,
        -187.25106361,  2251.24155775,  1630.74418537])
wind_capacity:  245000.0
solar_capacity:  225225.91145833564
battery_capacity:  254154.4477028348
0
OUTAGE DURATION:  27
COE:  69.24216179919127
turbine_x:  array([ 2.44605150e+03,  1.66341464e+03,  2.11384506e+03,  1.33120819e+03,
        5.48571333e+02, -2.34065528e+02, -1.01670239e+03,  1.78163861e+03,
        9.99001747e+02,  2.16364885e+02, -5.66271976e+02, -1.34890884e+03,
        2.23206902e+03,  1.44943216e+03,  6.66795299e+02, -1.15841562e+02,
       -8.98478424e+02, -1.68111528e+03,  1.89986257e+03,  1.11722571e+03,
        3.34588851e+02, -4.48048010e+02, -1.23068487e+03, -2.01332173e+03,
        2.35029299e+03,  1.56765613e+03,  7.85019264e+02,  2.38240324e+00,
       -7.80254458e+02, -1.56289132e+03, -2.34552818e+03,  4.52812817e+02,
       -3.29824045e+02, -1.11246091e+03, -1.89509777e+03, -2.22730421e+03])
turbine_y:  array([-2234.44263268, -2441.56808673, -1475.7512735 , -1682.87672755,
       -1890.00218159, -2097.12763564, -2304.25308968,  -717.05991433,
        -924.18536837, -1131.31082241, -1338.43627646, -1545.5617305 ,
         248.7568989 ,    41.63144485,  -165.49400919,  -372.61946324,
        -579.74491728,  -786.87037132,  1007.44825808,   800.32280403,
         593.19734999,   386.07189594,   178.9464419 ,   -28.17901215,
        1973.2650713 ,  1766.13961725,  1559.01416321,  1351.88870916,
        1144.76325512,   937.63780108,   730.51234703,  2317.70552239,
        2110.58006834,  1903.4546143 ,  1696.32916025,  2455.02051943])
wind_capacity:  252000.0
solar_capacity:  175890.71180555708
battery_capacity:  281524.926686217
0
OUTAGE DURATION:  30
COE:  69.70282314337885
turbine_x:  array([-1288.50223033,  -201.15887277,   886.18448479,  1973.52784235,
       -1844.77008949,  -757.42673193,   329.91662563,  1417.25998319,
       -2401.03794865, -1313.69459109,  -226.35123353,   860.99212403,
        1948.33548159, -1869.96245025,  -782.61909268,   304.72426488,
        1392.06762244,  2479.41098   , -2426.2303094 , -1338.88695184,
        -251.54359428,   835.79976328,  1923.14312084, -1895.154811  ,
        -807.81145344,   279.53190412,  1366.87526168,  2454.21861924,
       -2451.42267016, -1364.0793126 ,  -276.73595504,   810.60740253,
        1897.95076009, -1920.34717175,  -833.00381419,   254.33954337,
        1341.68290093,  2429.02625849, -2476.61503091, -1389.27167335,
        -301.92831579,   785.41504177])
turbine_y:  array([ 2499.3216522 ,  2445.69407816,  2392.06650413,  2338.43893009,
        1917.39237007,  1863.76479603,  1810.137222  ,  1756.50964796,
        1335.46308794,  1281.8355139 ,  1228.20793987,  1174.58036583,
        1120.9527918 ,   699.90623177,   646.27865774,   592.6510837 ,
         539.02350967,   485.39593564,   117.97694964,    64.34937561,
          10.72180157,   -42.90577246,   -96.53334649,  -517.57990652,
        -571.20748056,  -624.83505459,  -678.46262862,  -732.09020266,
       -1099.50918865, -1153.13676269, -1206.76433672, -1260.39191075,
       -1314.01948479, -1735.06604482, -1788.69361885, -1842.32119288,
       -1895.94876692, -1949.57634095, -2316.99532695, -2370.62290098,
       -2424.25047501, -2477.87804905])
wind_capacity:  294000.0
solar_capacity:  102960.41666666821
battery_capacity:  320625.6109481916





0
SOLAR COST MULTIPLIER:  0.6
COE:  63.11874083869641
turbine_x:  array([-1716.01680045, -1697.42681753,  -887.84436102, -2488.41929112,
       -1678.8368346 ,  -869.25437809,   -59.67192158, -2469.82930819,
       -1660.24685168,  -850.66439517,   -41.08193866,   768.50051786,
       -1641.65686876,  -832.07441224,   -22.49195573,   787.09050078,
        1596.67295729,  -813.48442932,    -3.90197281,   805.6804837 ,
        1615.26294022,  2424.84539673,    14.68801012,   824.27046663,
        1633.85292314,  2443.43537965,   842.86044955,  1652.44290606,
        2462.02536258,  1671.03288899,  2480.6153455 ,  2499.20532842])
turbine_y:  array([ 2495.90822966,  1272.05691769,  2485.70465282, -1165.44212939,
          48.20560573,  1261.85334086,  2475.50107598, -2389.29344135,
       -1175.64570623,    38.0020289 ,  1251.64976402,  2465.29749914,
       -2399.49701819, -1185.84928307,    27.79845206,  1241.44618718,
        2455.0939223 , -2409.70059503, -1196.0528599 ,    17.59487522,
        1231.24261034,  2444.89034546, -2419.90417186, -1206.25643674,
           7.39129838,  1221.0390335 , -2430.1077487 , -1216.46001358,
          -2.81227846, -2440.31132554, -1226.66359042, -2450.51490238])
wind_capacity:  224000.0
solar_capacity:  343201.3888888917
battery_capacity:  218963.83186705766
0
SOLAR COST MULTIPLIER:  0.8
COE:  64.07840008843853
turbine_x:  array([ 2284.22929509,  2253.60384379,  2222.97839248,  2192.35294118,
        2161.72748987,  2131.10203856,  2100.47658726,  1117.17047157,
        1086.54502026,  1055.91956895,  1025.29411765,   994.66866634,
         964.04321504,   933.41776373,   -49.88835196,   -80.51380327,
        -111.13925458,  -141.76470588,  -172.39015719,  -203.01560849,
        -233.6410598 , -1216.94717549, -1247.5726268 , -1278.19807811,
       -1308.82352941, -1339.44898072, -1370.07443202, -1400.69988333,
       -2384.00599902, -2414.63145033, -2445.25690164, -2475.88235294])
turbine_y:  array([ 2470.        ,  1641.76470588,   813.52941176,   -14.70588235,
        -842.94117647, -1671.17647059, -2499.41176471,  2470.        ,
        1641.76470588,   813.52941176,   -14.70588235,  -842.94117647,
       -1671.17647059, -2499.41176471,  2470.        ,  1641.76470588,
         813.52941176,   -14.70588235,  -842.94117647, -1671.17647059,
       -2499.41176471,  2470.        ,  1641.76470588,   813.52941176,
         -14.70588235,  -842.94117647, -1671.17647059, -2499.41176471,
        2470.        ,  1641.76470588,   813.52941176,   -14.70588235])
wind_capacity:  224000.0
solar_capacity:  302446.22395833564
battery_capacity:  221896.38318670576
0
SOLAR COST MULTIPLIER:  1.2
COE:  66.38286399615185
turbine_x:  array([-2452.28086362, -2348.63937407, -2244.99788452, -1672.36901815,
       -1568.72752861, -1465.08603906, -1361.44454951, -1257.80305997,
       -1154.16157042, -1050.52008087,  -477.8912145 ,  -374.24972495,
        -270.60823541,  -166.96674586,   -63.32525631,    40.31623323,
         143.95772278,   716.58658915,   820.2280787 ,   923.86956825,
        1027.51105779,  1131.15254734,  1234.79403689,  1338.43552644,
        1911.06439281,  2014.70588235,  2118.3473719 ,  2221.98886145,
        2325.63035099,  2429.27184054])
turbine_y:  array([  875.63836759,  1672.35276717,  2469.06716675, -2355.38714059,
       -1558.67274101,  -761.95834143,    34.75605815,   831.47045773,
        1628.18485731,  2424.89925689, -2399.55505045, -1602.84065087,
        -806.12625129,    -9.41185171,   787.30254787,  1584.01694745,
        2380.73134703, -2443.72296031, -1647.00856073,  -850.29416115,
         -53.57976157,   743.13463801,  1539.84903759,  2336.56343717,
       -2487.89087017, -1691.17647059,  -894.46207101,   -97.74767143,
         698.96672815,  1495.68112773])
wind_capacity:  210000.0
solar_capacity:  338911.37152778055
battery_capacity:  217986.3147605083
0
SOLAR COST MULTIPLIER:  1.4
COE:  66.2054613537651
turbine_x:  array([ 1075.18550736,  1138.57650915,  1201.96751094,  1265.35851272,
        1328.74951451,   520.9879228 ,   584.37892459,   647.76992638,
         711.16092816,   -96.60066354,   -33.20966176,    30.18134003,
          93.57234182,   156.9633436 ,  -650.7982481 ,  -587.40724632,
        -524.01624453,  -460.62524275, -1268.38683445, -1204.99583266,
       -1141.60483088, -1078.21382909, -1014.82282731, -1822.58441901,
       -1759.19341723, -1695.80241544, -1632.41141365, -2440.17300536,
       -2376.78200357, -2313.39100179, -2250.        , -2186.60899821])
turbine_y:  array([ 2413.5808739 ,  1204.00850405,    -5.56386581, -1215.13623566,
       -2424.70860552,  1798.0821008 ,   588.50973095,  -621.06263891,
       -1830.63500876,  2392.15569755,  1182.5833277 ,   -26.98904216,
       -1236.56141201, -2446.13378187,  1776.65692445,   567.0845546 ,
        -642.48781526, -1852.06018511,  2370.73052121,  1161.15815135,
         -48.4142185 , -1257.98658836, -2467.55895821,  1755.23174811,
         545.65937825,  -663.9129916 , -1873.48536146,  2349.30534486,
        1139.732975  ,   -69.83939485, -1279.41176471, -2488.98413456])
wind_capacity:  224000.0
solar_capacity:  169455.68576388888
battery_capacity:  218963.83186705766